new Wall(22, 183, 23, 23, 0, 0, 0, 0),
                    new Wall(183, 23, 23, 23, 0, 0, 0, 0),
                    new Wall(68, 183, 23, 184, 0, 0, 0, 0),
                    new Wall(22, 183, 184, 23, 0, 0, 0, 0),
                    new Wall(68, 22, 138, 184, 0, 0, 0, 0),
                    new Wall(45, 45, 115, 46, 0, 0, 0, 0),
                    new Wall(22, 45, 69, 115, 0, 0, 0, 0),
                    new Wall(45, 22, 138, 138, 0, 0, 0, 0),

                    new Wall(22, 68, 23, 414, 0, 0, 0, 0),
                    new Wall(91, 22, 23, 414, 0, 0, 0, 0),
                    new Wall(22, 68, 92, 414, 0, 0, 0, 0),

                    new Wall(22, 68, 138, 414, 0, 0, 0, 0),
                    new Wall(91, 22, 138, 414, 0, 0, 0, 0),
                    new Wall(22, 68, 207, 414, 0, 0, 0, 0),

                    new Wall(22, 68, 253, 414, 0, 0, 0, 0),
                    new Wall(91, 22, 253, 414, 0, 0, 0, 0),
                    new Wall(22, 68, 322, 414, 0, 0, 0, 0),

                    new Wall(22, 68, 368, 414, 0, 0, 0, 0),
                    new Wall(91, 22, 368, 414, 0, 0, 0, 0),
                    new Wall(22, 68, 437, 414, 0, 0, 0, 0),

                    new Wall(22, 68, 483, 414, 0, 0, 0, 0),
                    new Wall(91, 22, 483, 414, 0, 0, 0, 0),
                    new Wall(22, 68, 552, 414, 0, 0, 0, 0),

                    new Wall(22, 68, 23, 506, 0, 0, 0, 0),
                    new Wall(91, 22, 23, 552, 0, 0, 0, 0),
                    new Wall(22, 68, 92, 506, 0, 0, 0, 0),

                    new Wall(22, 68, 138, 506, 0, 0, 0, 0),
                    new Wall(91, 22, 138, 552, 0, 0, 0, 0),
                    new Wall(22, 68, 207, 506, 0, 0, 0, 0),

                    new Wall(22, 68, 253, 506, 0, 0, 0, 0),
                    new Wall(91, 22, 253, 552, 0, 0, 0, 0),
                    new Wall(22, 68, 322, 506, 0, 0, 0, 0),

                    new Wall(22, 68, 368, 506, 0, 0, 0, 0),
                    new Wall(91, 22, 368, 552, 0, 0, 0, 0),
                    new Wall(22, 68, 437, 506, 0, 0, 0, 0),

                    new Wall(22, 68, 483, 506, 0, 0, 0, 0),
                    new Wall(91, 22, 483, 552, 0, 0, 0, 0),
                    new Wall(22, 68, 552, 506, 0, 0, 0, 0),

                    new Wall(22, 68, 598, 414, 0, 0, 0, 0),
                    new Wall(160, 22, 598, 414, 0, 0, 0, 0),
                    new Wall(22, 160, 736, 414, 0, 0, 0, 0),
                    new Wall(22, 68, 598, 506, 0, 0, 0, 0),
                    new Wall(160, 22, 598, 552, 0, 0, 0, 0),

                    new Wall(160, 91, 207, 0, 0, 0, 0, 0),
                    new Wall(160, 91, 414, 0, 0, 0, 0, 0),
                    new Wall(160, 91, 621, 0, 0, 0, 0, 0),
                    new Wall(160, 91, 207, 116, 0, 0, 0, 0,)
                    new Wall(160, 91, 414, 116, 0, 0, 0, 0),
                    new Wall(160, 91, 621, 116, 0, 0, 0, 0),


                    new Wall(22, 22, 46, 230, 0, 0, 0, 0),
                    new Wall(22, 22, 161, 230, 0, 0, 0, 0),
                    new Wall(22, 22, 276, 230, 0, 0, 0, 0),
                    new Wall(22, 22, 391, 230, 0, 0, 0, 0),
                    new Wall(22, 22, 506, 230, 0, 0, 0, 0),
                    new Wall(22, 22, 621, 230, 0, 0, 0, 0),
                    new Wall(22, 22, 736, 230, 0, 0, 0, 0),
                    new Wall(22, 22, 46, 368, 0, 0, 0, 0),
                    new Wall(22, 22, 161, 368, 0, 0, 0, 0),
                    new Wall(22, 22, 276, 368, 0, 0, 0, 0),
                    new Wall(22, 22, 391, 368, 0, 0, 0, 0),
                    new Wall(22, 22, 506, 368, 0, 0, 0, 0),
                    new Wall(22, 22, 621, 368, 0, 0, 0, 0),
                    new Wall(22, 22, 736, 368, 0, 0, 0, 0)